0.46470600126089134 0.43151118953239703 0.2072516673924838 27749.657709866762
0.7918105391292695 0.841652249324164 0.16568467630713712 17244.088474690914
0.7951887610932893 0.49531812439718603 0.17399746190676524 16025.84979492426
0.5972063530114009 0.6133288509556599 0.1811256786713784 22288.620127141476
0.5257935532589909 0.4405875594783365 0.19431327175334445 24394.109606564045
0.4189205284463393 0.6653318256413818 0.22471038783442054 33459.96090912819
0.5664535657660728 0.708828709795976 0.1859548331322003 24131.469784021378
0.5700979783283118 0.43689057334813175 0.18816884193438455 22395.62794840336
0.5428559749685844 0.9526475465147429 0.1949381111517141 26728.252420067787
0.4063162073506311 0.586576320878797 0.22717128975091327 33813.460577368736
0.5921381138417013 0.5024274611461848 0.18366140360922145 21882.13453322649
0.45108974647227695 0.6282373393426055 0.21234045862911444 30441.047673881054
0.8946856099773327 0.9887456218060864 0.16243379906518385 15527.8300588727
0.4905628687079855 0.509841559276519 0.2003033934506675 26793.515633523464
0.8288582163636948 0.89236261692958 0.16432835317755234 16558.66869699955
0.8919279717929921 0.7077605166073765 0.16610960075558978 14874.876269459724
0.8817342138708308 0.4241369880822275 0.18157318975863745 14248.59189093113
0.8137137447852567 0.8484453925777089 0.16500087460735813 16762.39741998911
0.6345012996654306 0.5822834317388672 0.17751793782190362 20743.995758235455
0.9806931184647597 0.6917385395777897 0.16827785742498236 13445.053022801876
0.7747730941891595 0.5013697851141101 0.17387262380907487 16485.519289195538
0.7450354965470731 0.6370929619402854 0.16992202386791178 17686.03388696909
0.5811193543838943 0.644869812034911 0.18321128533716546 23123.222014069557
0.8283887908942296 0.43193624373227973 0.17966153275119723 15163.7018070817
0.9405530640860126 0.8725393234073725 0.16274700181020307 14508.096884846687
0.7349076987403225 0.5936969991572527 0.17128107836470008 17784.0854447484
0.598919639636255 0.9565717846172667 0.18320788505843666 23973.72148233652
0.5668432181066366 0.8305882403408229 0.18752155607216991 24790.166918039322
0.5532277285659639 0.5571168268430181 0.18791975986096077 23850.995724737644
0.7113997015631606 0.41687885552728515 0.18098924336482014 17705.993047237396
0.9163158014731717 0.40549476083120495 0.1855226821226097 13702.408732175827
0.6404759124547902 0.7532707013764528 0.175718179125397 21342.71641856432
0.6016347930574399 0.5687899897330901 0.18113724424074462 21877.95112133026
0.4986549097081998 0.8117023404492549 0.20291838107004878 28481.811840832233
0.4761359343876801 0.586537381001609 0.20419985533953877 28315.272828042507
0.8471643157384745 0.7851812551176331 0.16497222554244217 15883.353739261627
0.5917866599381785 0.7334086639833575 0.18201386144392018 23143.107430517673
0.9452530483695295 0.8052748082580676 0.1638649985761731 14278.857086122036
0.9234460659818353 0.4405628561913103 0.17996114412926545 13680.465663611889
0.7788645396149114 0.6681493954635853 0.16835760227695573 16973.857266008854
0.6276331241369029 0.7367941269853113 0.17715193264666595 21735.277024507523
0.7048810172268798 0.7739623116435679 0.17012045161209244 19321.752983152866
0.6160641412554068 0.9196401480244544 0.1799517285762704 23059.7571567297
0.40678570292743244 0.8702977308209043 0.2345599462823884 36598.79988694191
0.7842717094541574 0.6199732982362399 0.1693174976953742 16690.703578412533
0.4984003397817083 0.952038875403492 0.2066874124957394 29468.21494424343
0.8413833108080675 0.9066643907911242 0.16395894775996567 16334.044441521168
0.712364657743769 0.8800046526329952 0.1693363827344001 19512.747118234634
0.5693047734752132 0.4869062422141214 0.18681530366302468 22713.790800094604
0.4910687158989612 0.8601273914369658 0.20601477973468718 29319.84463071823
0.5619163190801147 0.4843744540715689 0.18785812945861835 23012.547963261604
0.8983593898452613 0.7825926474605023 0.16436887660893262 14960.051537513733
0.5046555120501294 0.6249026248465313 0.1975683152086276 26829.41501915455
0.5174169808689064 0.9547951126188295 0.20149604363359686 28243.22464710474
0.5670534105066943 0.6860695226524187 0.18563425643696974 23975.631375312805
0.664273620453492 0.8421727731766468 0.1734412295390939 20907.374019801617
0.6590092399990868 0.5318571534511799 0.17686884079012088 19692.84081453085
0.6258638078969563 0.9770149151230051 0.17884625949227484 22942.34475982189
0.9233778343577603 0.8612409265271139 0.1629501350253122 14747.85366988182
0.9205906516279837 0.9859045165222049 0.1621665725397179 15073.429558455944
0.6677102994907302 0.7909137406974508 0.17301010467599554 20568.53402543068
0.9165595382988874 0.7416849162718538 0.1652565620097448 14563.238578915596
0.5110767447434348 0.730961670006238 0.19797263080181438 27171.12702435255
0.5948915462141342 0.7664677604940358 0.18183568219683366 23184.422526896
0.9071843877112402 0.6533302822693621 0.1675852644330007 14490.903569877148
0.8857192184109353 0.8971654293359794 0.16315738123375922 15459.233781516552
0.46119400552401524 0.4763070035164722 0.20776110975566553 28361.5005710721
0.6594776717094964 0.4219322133712786 0.18199669898240245 19189.823692917824
0.6840471476661236 0.8892553303433134 0.1715900950712239 20439.499494552612
0.7207207317858104 0.5409832985487746 0.17341740997471788 17948.322992026806
0.45634125993807506 0.8155235674353272 0.2155852635460178 31561.586573660374
0.6111508075115942 0.6639208298465231 0.17911775417269382 22002.33027881384
0.5507434668628806 0.6971343852588379 0.1887103003300581 24814.65268009901
0.8318493874040807 0.9212247440488378 0.16409022002699203 16575.087793052197
0.5997453633445211 0.6459104624259548 0.18061465788196074 22358.3174649477
0.4751701816624515 0.6758555134563576 0.20626582604927535 29081.88901901245
0.8570131476239073 0.5977115038668361 0.16912715086800745 15177.14996767044
0.7362303588991141 0.7988152334482379 0.16819550698346575 18519.08043396473
0.6255119430588367 0.8513020564252565 0.1780913272214093 22362.59807294607
0.447223517249889 0.7647433155802401 0.21744014093383157 31892.417962908745
0.7831031198479115 0.5130904822715869 0.17312669486636878 16345.935243666172
0.863134657832645 0.4621964200721066 0.1766191209826502 14656.047021865845
0.40985925238605053 0.8248196211877226 0.23247667585746967 35845.268321335316
0.57235994251618 0.807514469633871 0.1861573183323344 24402.991777956486
0.7926160085776077 0.8022039519307527 0.1659945749088365 17098.37048816681
0.9206391470775666 0.6964638757063586 0.1664945310621988 14386.654458880424
0.5025476319360244 0.4790225213205882 0.19797292252587795 25869.242597699165
0.9106936860313998 0.5598280074915251 0.17060498821228975 14195.395649075508
0.6636220153832064 0.8923004817981921 0.17361591606822913 21142.218113064766
0.7345850453925401 0.46168491502742637 0.17703555493608292 17277.979785501957
0.7477019768275155 0.9991801829469644 0.16605104596055753 18935.73847144842
0.7078672334349869 0.6332487248536718 0.1714998439711053 18668.189266741276
0.9475625612238238 0.8245378794025953 0.16348078564624302 14290.91536974907
0.6902100343767974 0.5942576820175275 0.17323985264374642 19017.95243650675
0.5769093561485965 0.957166177341436 0.18746961371653015 24992.560805261135
0.722968173545055 0.5293300325867831 0.17378074899534113 17842.33924794197
0.42670434545648234 0.510693646197948 0.21829202990920749 31231.5405228734
0.7836606157731902 0.8754307426918209 0.165745900652837 17548.265529096127
0.8925849795664442 0.6633208818115035 0.1672561548584781 14750.626175820827
0.734535567462983 0.9786240780028997 0.16717649243037158 19226.99817121029
0.780637085916698 0.75995812404993 0.16682193078304408 17240.795073628426
0.6587427339093405 0.7649408127227444 0.173842073934793 20756.208050847054
0.4591807277804466 0.5722113935594649 0.2087371729703591 29356.617584109306
0.6630466663470017 0.7210284813232839 0.173508405481698 20414.480507671833
0.9915539252388859 0.7113934644509421 0.16822947474793182 13321.46025711298
0.8597929696783527 0.877328535056642 0.1637427715359081 15889.25324600935
0.8594961564362009 0.6705808235168937 0.16716334586089943 15334.907936751842
0.7458954911239994 0.9140202992159175 0.16715285774989752 18664.50999200344
0.5984531262553786 0.9733270854616517 0.18354807216201152 24084.779219806194
0.4514282768740949 0.5036267969707229 0.21044340727530653 29284.910933107138
0.535728179716862 0.4151835855660105 0.193359376202352 23769.66975647211
0.6522393730004352 0.7109907556911987 0.17452733650316077 20733.86253297329
0.7235578379254433 0.9321084397302536 0.16835199870547513 19370.98422843218
0.7055275711606357 0.4431710431566029 0.17898811168379325 17956.29272943735
0.4069927994575501 0.9665050153779383 0.23932675697142258 37545.35821592808
0.445161613416731 0.5233618063483279 0.21240063685763744 29927.513898074627
0.7608730428395714 0.7029948173173031 0.16822243514980073 17524.462680339813
0.5187030865392548 0.8230251079435095 0.19796616146777524 27313.483705461025
0.48507900934104786 0.42487982021248316 0.20246510691504227 26455.281959205866
0.7460236969710521 0.5918545483168813 0.1709763281924097 17495.523583352566
0.6650795599546544 0.5062538463831924 0.17738448949239682 19385.528878867626
0.8874525127776254 0.7772410873430196 0.16456560301230638 15129.476131677628
0.6762134918713958 0.9698044442904427 0.17215703336842125 21035.290785729885
0.7640282970481989 0.5191596963560269 0.17313881133668474 16794.356339991093
0.6318444786392294 0.9122873774273852 0.17758433083508862 22396.58735471964
0.6616623863282738 0.9982386293942612 0.1737530808077281 21684.447283506393
0.8666057727760343 0.9702487309409037 0.16304139636122272 16000.543479323387
0.4057766042584848 0.9046850076947854 0.23594138095177186 37042.82302713394
0.4004381878752261 0.4608594936281112 0.2278882336067909 32921.90225660801
0.7102989359654298 0.8184423780719279 0.169613436817599 19337.891406834126
0.4155681134090364 0.5053599181627945 0.2221917808710714 32098.678609907627
0.8706307709782378 0.8379947638434879 0.16387434032731107 15584.198126673698
0.5275309668546725 0.6208972669358892 0.19251799952508009 25527.641743183136
0.7192680728206584 0.4948926242520861 0.17545122179035388 17799.346938490868
0.7667122529701068 0.47251670276910707 0.17579373073567695 16558.761589050293
0.5259246420777206 0.6997417118771452 0.19388417335539998 26121.020457863808
0.4408096917263091 0.8044717485633308 0.22057821843918646 32762.23852056265
0.5506101283947908 0.9649352104661546 0.19347618695974234 26380.36246073246
0.9976305886089551 0.7910637087313218 0.1658032568921044 13445.721502304077
0.6211369020615112 0.6662286750252813 0.17792751106026117 21634.438162267208
0.6234958010535641 0.45195942858548765 0.18249236252449919 20478.138014137745
0.42204961966804355 0.807207884815593 0.2274372747833695 34484.11113578081
0.7316352481175696 0.7202213421499664 0.16908823129779194 18347.090152919292
0.855980697625258 0.5012415967633966 0.17340460645209532 14901.197495639324
0.8851394625311527 0.8675637962406576 0.16335796704879613 15398.09347999096
0.982957709301645 0.8390648956247249 0.16381121833182988 13798.444340765476
0.6013343710251664 0.8141758062328418 0.1813102645573963 23157.50280791521
0.9595413088075807 0.6326651108317617 0.16920915691298433 13631.44529056549
0.5066672470053061 0.7882336074755485 0.20031041444963193 27816.935046970844
0.9607325972811116 0.9675091463200466 0.16203908920579124 14401.960978209972
0.6894066049024036 0.4800656182163023 0.17730647924872756 18551.204289078712
0.44020876668033093 0.6081807221060573 0.21537732135220722 31108.41344934702
0.7823915276237949 0.9393716005238424 0.16536755101333256 17783.639820873737
0.6942468751902791 0.8462514264770402 0.1707387775677489 19940.005064368248
0.5301857907950966 0.7359877201015529 0.1935885107395734 26115.20096987486
0.8731446250346718 0.6765861606245287 0.16694303326221416 15111.097263991833
0.43527104190467525 0.5022062840438658 0.2154006038144871 30468.81775340438
0.8268301381505938 0.6724722583900806 0.16743058382053277 15956.844493806362
0.8150274068543704 0.47801654799514776 0.17508406668821408 15567.617034852505
0.9249137007889626 0.8075055732640299 0.16375552037425223 14596.02466660738
0.7346368743765221 0.5098876719136748 0.17426112837893015 17465.77312797308
0.6046036963282398 0.538947646405442 0.18138852086121915 21604.90199327469
0.7491895812105718 0.6835554435721916 0.1689161236554355 17748.7649435997
0.8187994876379339 0.7277992791255514 0.1664307301325607 16285.839471042156
0.5321713976540905 0.9213625339736358 0.19666050281193748 27138.45298832655
0.8821318679894694 0.9541316085575644 0.16293201375447097 15662.79019343853
0.5237557943269687 0.7207504697792304 0.1947557152616355 26374.506069362164
0.654631563978423 0.6571019239476852 0.17466541219437204 20407.872460067272
0.7049013139279163 0.4866464872608661 0.17635983714171743 18148.51469528675
0.7807329339606361 0.6997229140545352 0.16772423548536608 17035.94669252634
0.4829394983972414 0.7371723426229029 0.20558813682691834 29004.55301696062
0.6982280374914631 0.5402860897849989 0.17437059222174867 18559.44761198759
0.6179229625288933 0.5406165943204976 0.17998343751969514 21122.246782779694
0.5427133035858948 0.7783608147861463 0.1916114621617453 25702.786912202835
0.5389679557074581 0.6048175500923888 0.1902104733435408 24836.137140214443
0.9717984795533227 0.7476872393993594 0.16602651563152904 13730.466596007347
0.6822289090254186 0.9901583657681832 0.17138338623408345 20923.98134124279
0.5779223684215801 0.7478128170631849 0.18440206648301682 23824.068994820118
0.9458367565389718 0.689598352693155 0.16708034728071652 13981.579436123371
0.935368673583239 0.8220760463576702 0.163478595608467 14469.915901243687
0.4046160598188575 0.7566453272635537 0.23319237791292835 35722.35258376598
0.40697523313755046 0.9773141280834194 0.24047192451143928 37664.18429350853
0.8713632445747561 0.7648801198227244 0.16497366178009543 15377.356612682343
0.6010878481250221 0.7833407307547366 0.18104629469235078 23011.575810730457
0.48291076258766713 0.6155444788238499 0.20283927073433006 28101.578219771385
0.958036899550266 0.7104775864954249 0.1667577500193147 13846.496966302395
0.5926105397384396 0.5274534789265217 0.1829894095299096 22003.138101935387
0.6999161338428954 0.4695336320978377 0.17746844557223085 18213.715116143227
0.802324256442801 0.5592840459419348 0.17085753198807652 16100.916164696217
0.5020431202414204 0.916861461523535 0.20435867916421557 28972.507902741432
0.9906288131860659 0.6316233118637773 0.17079444279079325 13130.069050967693
0.6584152682059257 0.6677949281067268 0.17424163452778885 20330.103999614716
0.4478981840757586 0.42199410251787606 0.21196033985324902 28791.729784220457
0.8331672590863313 0.5887433577012425 0.16954452133177256 15585.552313566208
0.9007451129382524 0.7503365796068933 0.16505400024470873 14838.656903028488
0.5473182868050809 0.5678800383528836 0.18880562273443502 24195.137420356274
0.8231658913205979 0.7840172453257193 0.1654473502167093 16364.75671774149
0.5647648896173073 0.8962831884925883 0.18888213738318882 25250.270670473576
0.5689247402727355 0.9582725422790475 0.1891670623626851 25390.121587634087
0.4874072690750889 0.9938661714502527 0.21269492287137837 30579.070888876915
0.6165392208476628 0.6336642444896172 0.1786438026920223 21645.367015719414
0.9522315669075004 0.6681144581004008 0.16789554901697556 13830.703232645988
0.9460847637764833 0.6269498571057093 0.1689645277110685 13824.932119905949
0.5478281195384016 0.9343892318217836 0.19327466012327932 26343.92284220457
0.5596085306690661 0.6486687856839082 0.18666591803958 24105.933929800987
0.8764161745172941 0.7178565437789561 0.16593310619646218 15163.464617848396
0.6227181638347558 0.7684884894830084 0.1779020564390521 22074.910183489323
0.5313857754365927 0.589327159835788 0.19162029338076536 25119.73730534315
0.6920543075595382 0.506696689146675 0.175946020101037 18590.52050203085
0.47309702387012714 0.48213910009134153 0.20463295077934163 27636.627683401108
0.9049532647758075 0.8089797929730259 0.16382884811901022 14918.00370913744
0.6418579824242627 0.4365305928484481 0.18201390087597247 19799.584630310535
0.6946122259503269 0.7470217187583781 0.1709362695037271 19521.170089244843
0.41958796982714575 0.43391914675361076 0.220888238547559 31011.509870916605
0.5369354446424971 0.566242979864058 0.19062623628451547 24688.224366605282
0.8022539702172578 0.62618630589974 0.16885298729903297 16319.72777557373
0.9293718169414148 0.6927732181650491 0.16669414089119527 14242.164794385433
0.6809343297358319 0.4385833305380333 0.1800568065355037 18620.9727268219
0.945254994041925 0.40419680584217815 0.18648447753002984 13308.43535399437
0.8276199845671699 0.8149804589630222 0.16496790994278854 16363.439214527607
0.5828039085114218 0.4155790000775949 0.18757586246829305 21784.337516605854
0.92683536327211 0.6291966776379727 0.16849447279673768 14125.255489468575
0.9313634145854233 0.6437564732881594 0.1681419268643367 14091.438157975674
0.6846042269167807 0.4543258496612645 0.17892806106283388 18579.547824203968
0.8146524146954897 0.502107584885422 0.17344164925816585 15658.335327744484
0.7291190858105094 0.9129806144993583 0.1681103725968569 19137.623908996582
0.9170942957942197 0.83398334158504 0.16334049292345298 14783.268408954144
0.9587485754194086 0.8563818651866488 0.16301428129008855 14198.99157088995
0.48011465643186596 0.49429340856217585 0.20283598591231566 27299.349112153053
0.9383263191982982 0.5943762846168763 0.16979373006688547 13863.57667940855
0.7896743216211577 0.6411759202087597 0.16870828199898824 16640.18699556589
0.9210933860299265 0.5249613714994154 0.17237985741485318 13942.813093662262
0.7617152289205253 0.9333822535471329 0.16624976759339916 18300.20272487402
0.5762939322379501 0.48559834496073456 0.18596853885537712 22417.075162172318
0.7918932123236131 0.8210159995588662 0.16584270484236185 17176.109195530415
0.8064187538161303 0.8254963406396425 0.16538572877834667 16855.760597109795
0.9685046271310236 0.564022938693497 0.17180972169808229 13326.019500434399
0.8877665381779042 0.970338774982936 0.1627250831006677 15602.086328148842
0.5405800195621316 0.5194551889184054 0.19041996582745924 24202.54016160965
0.6894122961131547 0.781323312703478 0.17118555865636154 19825.19688552618
0.4802390686864783 0.40067452196766357 0.20394231655154726 26570.491474062204
0.8463225149687026 0.45813536374658237 0.1769022762637178 14927.399706542492
0.9631433926237287 0.44553693917051373 0.1801805464328936 13134.258855044842
0.7508952828113697 0.8764039764286392 0.16709450176131213 18397.62864971161
0.8746143616484523 0.7067330985166501 0.1662047040190373 15165.30261093378
0.5338667003982787 0.683570723290257 0.1919122840372438 25592.24827158451
0.41885801484500673 0.5771294664144732 0.22211341827460274 32582.623276352882
0.9162670686054283 0.6015563482945466 0.1691894401483296 14218.82996815443
0.686353379483825 0.7627236165169782 0.17146675573894754 19842.784916639328
0.9912671722118346 0.633770246481623 0.17077099993184675 13124.662958085537
0.8380839333432542 0.8747328816835955 0.16421826524674543 16315.462288081646
0.7694674921839286 0.5969219555983296 0.17022917439317098 16949.610428273678
0.4651283332990651 0.5014944962012801 0.2066173643215734 28321.83843100071
0.6225017683687009 0.7483841959655653 0.17782488072043634 21985.22879052162
0.7824297721683746 0.9189096458535304 0.16552845929254545 17716.65091329813
0.4661507980959572 0.6594286663404221 0.20849555069071357 29588.07708030939
0.5484945650677119 0.6284336740329581 0.1885359165171394 24514.071821033955
0.9968713214684953 0.8595865240160321 0.163856416267663 13640.520948052406
0.6646398157938633 0.7732752308796521 0.17328519897455408 20593.773283541203
0.8766370187514323 0.7314060490605014 0.16562264575622976 15195.427272200584
0.8483181375177071 0.6246671483437829 0.1684001953835832 15409.667758762836
0.7196385916856864 0.859329032440062 0.16890180478367256 19218.392677009106
0.8182769272867272 0.8390641415514151 0.1649576075542427 16634.152254760265
0.5091656751196126 0.7059764079534266 0.19791702708062076 27118.769771695137
0.7539102134301667 0.4945375730952098 0.17460250800468202 16936.962617218494
0.45080977794420135 0.6576937299436438 0.21322261860768776 30715.33447742462
0.4330965452839724 0.5328678588200142 0.21634110298509768 30946.53420996666
0.6239963302171011 0.8311344027023502 0.178155880088525 22326.66838902235
0.8970364639162498 0.5566539142056812 0.17062056701433903 14398.405174076557
0.41462403060157 0.4458326993069239 0.22256124793784693 31537.084025621414
0.587995840518843 0.6349621326131786 0.1822348670102656 22779.264187932014
0.8012847798180117 0.5183887896149582 0.17264045705269382 15982.01226079464
0.9638263663147766 0.7293410325644933 0.16634060439901077 13805.494232296944
0.697492849852009 0.8608883680747772 0.1704718985965883 19896.271776020527
0.7140850990206178 0.5961388817579946 0.17202079403614334 18347.34700846672
0.8270523806758874 0.851792282047839 0.16463847069826443 16482.402120769024
0.6126590746785966 0.6749271771110843 0.17890985748272215 21999.41869342327
0.813989748300125 0.5850197792165402 0.1698451337597362 15947.459572851658
0.6152546144456014 0.4121714780719692 0.18501867323175247 20584.2216411829
0.9059038349025637 0.8172525391707133 0.16368379778214148 14922.965961515903
0.628271160981704 0.5990105184837533 0.177815475171883 21044.772086679935
0.4197612862591244 0.6438752266142516 0.2236889151208743 33175.479316055775
0.9339706459418551 0.777705018781348 0.16442821830059984 14382.465799152851
0.6854189214901937 0.5254783664611248 0.17552451283700066 18862.952212929726
0.8502477587299412 0.8941712369733554 0.16383696505363332 16120.393037199974
0.890969220169016 0.5663564923633427 0.17020242651415174 14521.294263482094
0.6762036787751278 0.7508287633906301 0.1723007918571966 20114.821700274944
0.48268972692370354 0.4742374640332935 0.20237506499870506 26977.886495113373
0.8163159351124929 0.525866576225927 0.1721315124141256 15707.236124813557
0.9246183875475195 0.5042077874500657 0.17371119407653168 13833.374333620071
0.6932778597578246 0.5635351794040273 0.17387634494116355 18799.007357299328
0.8886123854447434 0.813198508527988 0.1639290301136498 15202.104384064674
0.5677446336158438 0.9722600272935581 0.18978338437591447 25532.17780327797
0.8372408018279383 0.6581815750507023 0.16764330090518342 15712.211710810661
0.9775672088920824 0.6692117287492971 0.16885201395780314 13437.602447271347
0.979513576459613 0.5347002988538229 0.17352918625692837 13083.235223829746
0.8966578895260597 0.7315648014674505 0.16551256015372928 14857.75946611166
0.9786198484403306 0.44981562465810726 0.18010650617179635 12918.948922634125
0.5824308461773804 0.7926902572947065 0.1841681263595092 23863.53248387575
0.6911515719743901 0.7191518539076416 0.1713480257021729 19510.54816055298
0.8831471489629592 0.614905204406877 0.16857770983187947 14779.780629634857
0.5185126369219428 0.6922834171688124 0.19542902612920443 26486.334631145
0.43138033018940697 0.8561516060533837 0.22498944276958355 34045.41410243511
0.8912418039374745 0.8548637620178863 0.16337620135891484 15260.851650595665
0.9650044889442362 0.6868111578643987 0.16773817340799724 13679.561384439468
0.49705767838150416 0.5021532983664736 0.19890271148142347 26354.61582583189
0.7681143835371855 0.5807776301609654 0.17072614738754055 16924.327431857586
0.9771096422286359 0.47404803807518653 0.17747058886561717 12987.15871667862
0.8093057659528697 0.967541110802025 0.1642267361858103 17221.427801907063
0.6653493362635171 0.44511398999505813 0.18029599294277432 19105.538005292416
0.7041357980165006 0.6754422847124567 0.17101187559273967 18944.219743847847
0.4884748967278791 0.48337866961684944 0.20096115298656514 26706.06273764372
0.7745748583875698 0.9953672074730757 0.16486805227395962 18186.878670215607
0.8697264647482628 0.8977840403529304 0.16343410053377738 15752.529327332973
0.928456925231461 0.5402016743946594 0.17171134175441694 13873.777457535267
0.9030332007819641 0.8327082704718225 0.16348300816025585 15008.06369227171
0.6361180759846842 0.5349854171361246 0.1784922934075439 20457.18473702669
0.4091460542092443 0.6243542505376909 0.2271818450299179 33951.41750639677
0.575358205972895 0.6707616605256062 0.18416069811974012 23516.27197688818
0.9903233727781022 0.5548711055555562 0.17325260847064783 12953.3848605752
0.4438066925875208 0.4838138699634577 0.21271100879675942 29647.48174777627
0.8075740450485056 0.6687029075851996 0.1677880021998135 16340.27278572321
0.5296378588531289 0.40511575100698555 0.19454460285487585 23999.070038855076
0.7954069326551204 0.88647070863065 0.16528944451056304 17298.41474223137
0.4383566528560727 0.7041980198509082 0.21881165768900246 32117.62457638979
0.8274882675672672 0.4625791423099778 0.17638328126486158 15279.393661201
0.5151472368244479 0.4925601309554805 0.19530844434302708 25290.409538567066
0.7796123351710709 0.8415860405458935 0.16609250908732065 17538.618318080902
0.5554196660115588 0.7597725546649496 0.18869469170385855 24948.651658833027
0.8814525095896444 0.6845896790350995 0.1667144187813392 14990.25172817707
0.615158108738386 0.6989775626997996 0.17859722072716977 22023.187542796135
0.9346810418708245 0.9649330556611214 0.16220689778128872 14796.147652089596
0.5967487907375091 0.6969248534294703 0.1810499472903757 22745.248861134052
0.6976333899172252 0.6897966703433788 0.1712080361594417 19193.53817921877
0.5418833886923822 0.9059571624733576 0.1940176268126379 26498.57618510723
0.7286443520720927 0.96032236319784 0.16777812575128337 19327.078320801258
0.5991044279036289 0.5987338302805558 0.1810272548264038 22136.01108175516
0.6933808902351055 0.8332840133188397 0.1708147293466027 19915.02111083269
0.9455005476548757 0.4883186641679722 0.1752996437753609 13485.780332326889
0.6163229250689354 0.9362401867255932 0.18003946950193495 23128.743532001972
0.9355269952408309 0.7347015034546733 0.1655788450007094 14251.303340375423
0.6917132559990138 0.9372094630641215 0.17079051136170165 20380.15612989664
0.7247928497560411 0.43216787811482227 0.1794711750753777 17413.692807257175
0.5541763583583087 0.9215960118143427 0.19156752917297126 25931.37931573391
0.9166478210971434 0.6185035053055934 0.16867292009555968 14255.754512608051
0.7528435713483532 0.5728753513975859 0.17133880786423106 17257.967791318893
0.8041454343365981 0.9491328994091495 0.16457832038213382 17283.4232634902
0.8954289464616597 0.5289611820603082 0.17189934552152408 14344.791833460331
0.6186067574564319 0.8862709539689619 0.17932116228257655 22799.126306712627
0.9980212845549516 0.9106693896629673 0.16300288983620703 13740.714770078659
0.4161559406875647 0.9041939460575171 0.23190286970566376 35956.70195877552
0.5757899234594884 0.527083876869752 0.18507568624045234 22680.402497529984
0.5280190612302296 0.5095363666930165 0.19271454016052303 24749.868322372437
0.5681804595144497 0.40552425240792084 0.18948564100901422 22316.454827189445
0.5018295224130976 0.7562208167389202 0.20087502743081131 27903.98506730795
0.4354721799086658 0.9671280027362875 0.2283326660599414 34666.618446171284
0.4651542275625921 0.5373835848010357 0.20669075992918806 28635.969309329987
0.4939677014659215 0.5949669779655784 0.19975803879424348 27250.470257878304
0.9620638790748233 0.41374550629069273 0.18507396871609672 13096.182132899761
0.579126672868186 0.9948456940741323 0.18795779278843838 25109.522571325302
0.43690535638628736 0.5647030914746209 0.21554093747363368 30959.211104393005
0.4655891665262638 0.7706795711164058 0.21160575907560997 30495.693893373013
0.7516231253092962 0.7309946925059396 0.16814252093899995 17858.24523830414
0.9482856335312795 0.4432576244891933 0.18011019543882867 13338.586291849613
0.6013909111834349 0.7436388770505068 0.18065888515229744 22796.074863672256
0.9512311422206345 0.5546339452394595 0.17158145345456433 13568.619597136974
0.5192864082653796 0.5981505957753159 0.1940740504378482 25817.374649882317
0.4948020852776132 0.5720083041786941 0.1993631615969207 27026.381275832653
0.4736660651344174 0.597018290583697 0.20502052874326182 28564.674919188023
0.4456010024853648 0.5391897657029436 0.21240172940269986 30045.631409466267
0.611981577670556 0.7679119731345125 0.17933396277294378 22491.204348623753
0.5206196176981309 0.4208420685979419 0.19562131058046361 24524.702734470367
0.43988014747493326 0.4678761850873154 0.21396052178533864 29782.914258152246
0.9602081492158465 0.42730799672080133 0.18272156047351018 13142.15773254633
0.8902004315438747 0.7184534891597709 0.16585051364018 14931.01333963871
0.8637032353039711 0.8211462300285413 0.16418789917588583 15667.740498006344
0.5653937618984544 0.5188512690763916 0.1866417068085866 23072.239752352238
0.4072914433586201 0.5178404092312158 0.22541760409148992 32959.31099641323
0.749495040514726 0.5117432010691496 0.17379774529035785 17108.099503338337
0.4699343543234399 0.887128412286594 0.21289332917149295 31049.539599716663
0.9040969849508335 0.7695894697411985 0.16460601320432033 14832.925873994827
0.6777944903727007 0.6594115611966425 0.1728516081802809 19670.073614656925
0.4938154080290445 0.9283463066960346 0.20705034111233545 29611.52310550213
0.6683669022231095 0.9978664645738684 0.17291435175502556 21442.534422516823
0.6492385514964876 0.9235093829869827 0.17533551446831552 21790.253756284714
0.9316272390842686 0.906044211680559 0.16252776221881504 14718.149325191975
0.8813926420876328 0.7954808284597987 0.16430088187553338 15281.363091528416
0.8681103065967255 0.8001140513430405 0.1644077806849964 15530.37696737051
0.707081852276431 0.9486107658575951 0.1694293680957344 19935.881881833076
0.4016940097136552 0.6516305331882287 0.23113808645030076 34953.020923912525
0.990518246925819 0.6728568338414078 0.16947946854270413 13236.2660394907
0.8188555149913057 0.8046373173220074 0.16528414625645382 16518.47883528471
0.5376682078090198 0.8739940356315452 0.19438397723206435 26541.102989137173
0.6063164042841482 0.9445996802224497 0.1817615296004078 23590.227576434612
0.4538388171832663 0.6732463273514184 0.21268628620600794 30612.984894752502
0.5850370237625513 0.45463298167508104 0.18589783038623864 21895.059195280075
0.9657496506469286 0.597028763940711 0.1705553209358186 13448.525716662407
0.5553684877405911 0.4224838990217931 0.19043424680785392 22934.874669075012
0.840291309691215 0.6777258044641756 0.16715800375095569 15709.862341165543
0.5503926009265561 0.8846102161048901 0.19172195669852954 25917.74191790819
0.7194511754545623 0.9837101606783064 0.1681269772871019 19698.203445613384
0.8470868742595439 0.9328502354608947 0.16368826218604227 16287.40129250288
0.8361305966839192 0.8328374980586143 0.1645948342702468 16238.697161912918
0.9546593454452594 0.750248291302986 0.16545205823058495 13998.626143932343
0.5065285376094624 0.4253851390396295 0.1980519385451771 25272.36947157979
0.7495329797919059 0.747261623416244 0.16803149857878452 17971.60298192501
0.6367059094058714 0.418839408759234 0.18330582268390572 19892.569688022137
0.7343284928455156 0.5713978892399451 0.17193299624705105 17713.96799349785
0.7874711140107622 0.47551610293014596 0.17539022648270475 16116.303967654705
0.6523262309942237 0.514401834689903 0.17790813213650836 19823.53411656618
0.43358630222663974 0.934640961134728 0.2268094947339705 34538.81001526117
0.7534098694050599 0.9437040470954144 0.16654740727244643 18560.77871799469
0.69427661593597 0.8998857428054263 0.1706827320267621 20150.53121393919
0.7476568208638238 0.8008021140509956 0.16764091877485043 18216.688218593597
0.7557569224882725 0.4567971075000081 0.17708237374426972 16751.54891395569
0.7793279984206847 0.44593916820161994 0.17786845238697424 16185.231088638306
0.47260703307276164 0.6249687762625198 0.20582283196381468 28861.252784967422
0.42915637553594355 0.6336445586245699 0.21990485143760452 32256.150940060616
0.9714230129347692 0.6502302488847732 0.169153484475828 13488.144339799881
0.7119994717477047 0.8389321152125074 0.16945141417818377 19367.078016519547
0.7623061490252505 0.7408672480397697 0.1676402155244432 17622.497096836567
0.9036288943706519 0.6790594982922926 0.16686471963112126 14611.867707252502
0.9227965597794853 0.8896847812086588 0.16270556544623105 14821.151022911072
0.5679952229714755 0.8530105395151037 0.1876128143776441 24856.91875600815
0.6395005071507226 0.6782954940283665 0.17590484876564005 21025.50274538994
0.589448662836167 0.6632727877241205 0.18200493319818634 22870.485308229923
0.6446140616788135 0.48552676135911255 0.17953032056539087 19934.896269917488
0.45404471203388613 0.9014436634926738 0.21838221457437612 32436.442791342735
0.8546422692646705 0.913674990460053 0.16364340242216713 16083.96045255661
0.6303724889173767 0.6838784354497784 0.17683550275614834 21379.38725924492
0.769194809432743 0.4951405221537405 0.17430942672217498 16586.98932659626
0.9418793523436517 0.9361987185920467 0.16230514280323405 14623.27258592844
0.9646320031346947 0.8069073535216101 0.16410349171928829 13991.866863429546
0.8698313885086005 0.9918847407658687 0.16271586432048935 16002.66520601511
0.8747777805112088 0.5938615290947716 0.16921179895143723 14861.653150558472
0.983437410542452 0.6474419328209569 0.1698593480468844 13288.272978246212
0.6102661589719754 0.9795439084559564 0.18149213416836574 23603.570378303528
0.49789481461486784 0.45377819932992364 0.19927624871343141 25938.658348858356
0.5059488386436093 0.8738611200770733 0.20223661330601317 28427.80757302046
0.5086565136385608 0.4356473506485907 0.19745435980075854 25228.965992748737
0.6068215187658866 0.4691489327945798 0.1832075053753215 21151.468497157097
0.8257546295569143 0.6838038493721557 0.16719631151136127 16011.77939081192
0.5282484683696291 0.9106779333471673 0.197363155628409 27299.71960014105
0.6260959324663682 0.8193837925686049 0.1777917764356971 22189.862506866455
0.49389656550327876 0.6834725740458077 0.2013026321073994 27900.011415302753
0.8207148695184332 0.9272548819458462 0.1643186596011219 16836.056430220604
0.9109520314509618 0.9686669819730828 0.1624339712652727 15191.632666349411
0.9776206537491443 0.6309434604161746 0.17005017152041546 13341.977420032024
0.651277611289552 0.9457999848129374 0.17511465057941678 21813.78189921379
0.504007427296213 0.9842548691060673 0.20682293503523397 29331.010981202126
0.5759727251924129 0.5065026109526757 0.1854890772174258 22552.125581383705
0.7841184311558724 0.5578570957085202 0.17117602796133724 16483.23816114664
0.7736362609182137 0.8668345330108218 0.16616251608502353 17770.438829898834
0.8485905406416397 0.9486788545322318 0.16354869760834845 16300.211176991463
0.987204561254557 0.4023140854176031 0.18794045143658877 12742.633627533913
0.5136347800417743 0.510707405288017 0.19539976923806535 25502.09221738577
0.9767017732802756 0.7814383727483902 0.16514575764085748 13744.083850741386
0.8715322618654839 0.6295550168523575 0.1681686572774197 15013.68928772211
0.4413165587763639 0.4039876283247313 0.2141428885752248 29103.84879294038
0.8680191898246764 0.48149562757599135 0.17490125452786742 14636.813859164715
0.8936813102147293 0.5399166751564533 0.17134048266598256 14403.712927341461
0.981908289857273 0.5838170955765705 0.17175262951423065 13159.26848846674
0.80860055022782 0.6086135779788553 0.16922159039495455 16131.714030563831
0.6364134214632984 0.7992962270998707 0.17636646868413663 21706.472227454185
0.7370537014913776 0.8124017776544827 0.16807844278082484 18547.010880291462
0.5576604244241312 0.7880230119982197 0.18868854826541792 24999.65985953808
0.6568046716673044 0.9586826009307088 0.1744285416425555 21669.950305342674
0.6774242622821538 0.9054556229874197 0.17220501788324327 20724.45976781845
0.9039605426803707 0.6972980469087993 0.16638050377878244 14652.331644296646
0.8496621025108262 0.48184522528306367 0.174799787631855 14946.765887379646
0.44949794392240816 0.4532582233696681 0.2111781393941783 28954.829643130302
0.8214424851452305 0.623092352573594 0.16867844429361867 15916.71358793974
0.6514885793880443 0.6140196261520315 0.17549064951344917 20316.350343883038
0.7139249373214797 0.7505160415524759 0.16970350304654858 18961.724488019943
0.7647521112935829 0.8847774159370856 0.16642606692403206 18057.710146963596
0.47016690439402714 0.7207448318771077 0.2089144992587535 29777.291575610638
0.7862698161011944 0.6052436822299203 0.16966235837026034 16597.290081381798
0.524739251908689 0.45943124874324426 0.194102929726796 24569.724850594997
0.9153765818393511 0.6338585625172043 0.16820728441962274 14313.861725986004
0.998735256468573 0.8741995026152037 0.1636299576057354 13648.036300420761
0.5496205476883441 0.6842706676530768 0.18877115482064255 24793.932446539402
0.44844200653122657 0.8561071182444326 0.21906432062678505 32537.50864160061
0.6265724509791621 0.949328688468736 0.17854659388467553 22776.24688130617
0.8559898197521071 0.5432774873777148 0.1711197824406554 15033.782726824284
0.5777902055167335 0.5438112524335166 0.18450865880913625 22694.64688938856
0.43609750120430063 0.8945806482078945 0.22428576539277856 33947.9002994895
0.431264956272406 0.6548304645276168 0.21979738959271344 32274.82019907236
0.41472977732687727 0.7214048509863342 0.2281406551192049 34386.99633473158
0.9396089538456424 0.7111111484717458 0.16631650061754044 14130.093799769878
0.878775113496554 0.5319736870426551 0.1716649158643122 14617.958139300346
0.8043483110506882 0.542702279734524 0.17148321843524172 16003.350333034992
0.794827649775395 0.7483176509557921 0.1665984653700434 16872.122230410576
0.7216363581242349 0.790471506968734 0.16902128397123306 18897.1541993618
0.8867157272140815 0.5116580693329063 0.17283521014724101 14430.12534636259
0.8890286262556455 0.6388671322688082 0.16790999642034876 14746.005161643028
0.6450496588347467 0.9027132445764848 0.17580133352566918 21853.751089811325
0.8438102836986552 0.8230103948170209 0.16453586682109744 16055.846200466156
0.4724511470894109 0.5141993378777048 0.20468708176304062 27951.49454641342
0.6664678720554197 0.4913914954726696 0.1779109254366631 19275.304535269737
0.6773142836931141 0.6769329740285809 0.17268348364450503 19760.29173654318
0.4569195489105416 0.5943776153603382 0.20977942529134452 29713.035337805748
0.7756320165620958 0.5290281470782311 0.1724771439567121 16567.90189576149
0.5470803619217038 0.859125197886696 0.1920211610140541 25945.68077993393
0.7989182679268594 0.910200837305468 0.16503749090406927 17287.309346795082
0.6496087129054369 0.8590378099952072 0.17509035234434123 21496.019032657146
0.7039194280187784 0.9972082619695467 0.16919675018289126 20243.680153906345
0.8968825379771886 0.8898129566063038 0.16302329625250422 15247.427423596382
0.9046534113958002 0.9123557943556254 0.16279604314331664 15167.531939029694
0.9709604874540081 0.848153115265807 0.16332511177824927 13998.933322608471
0.9988876765218653 0.5924462719038947 0.172563275165885 12894.360279917717
0.8416618964925058 0.5526360823286129 0.17077198308106745 15317.017963945866
0.4021754990013306 0.780278588464975 0.2347383573251136 36205.15361380577
0.41142503322805263 0.8378374930987256 0.232097250463994 35809.527622938156
0.9499804681859976 0.9972903496171054 0.16176366637228057 14630.995058894157
0.5250352048402204 0.6356403315937713 0.19316519305721158 25757.116342544556
0.5825263959469817 0.6809824813053293 0.18308602556680853 23259.34575611353
0.9838861169385168 0.6099119276952657 0.17103965956994216 13189.121027588844
0.45961996389849585 0.485652362815614 0.20814651224463887 28550.878581106663
0.8321604194395569 0.8011624683021945 0.165033403893176 16228.8199903965
0.6010924033775991 0.9272259737581274 0.1824706258412334 23728.251253783703
0.5353126683893278 0.47762298038302575 0.19197825910305255 24176.66295480728
0.905897322348956 0.4003044247370159 0.18627631877097883 13838.191782355309
0.7394406245646559 0.8972544553688226 0.1675882287454442 18786.343401134014
0.48161307228430955 0.5280075641047176 0.20238563376915408 27484.95779454708
0.478260492045115 0.8626966455646092 0.2097815459692356 30243.80812549591
0.8536303775608651 0.7618345486331348 0.1652599945446127 15694.092880904675
0.6424801998772978 0.7730529599697358 0.17555085233834689 21362.94332820177
0.47615625224650526 0.5572778101556304 0.2038864914666192 28074.275276958942
0.6753670591660903 0.6205830740278604 0.17360482627009333 19578.50891315937
0.9232499525786785 0.7307539395735747 0.16557401209502132 14431.129997849464
0.47956157990668236 0.44018999880603327 0.2034969888973137 26895.670586526394
0.6197188488177008 0.7802628223760042 0.17836877256377193 22248.019277751446
0.666639811218269 0.8666452349399246 0.17325440378954227 20930.241554915905
0.708929903827541 0.5225779478186554 0.17456915773436776 18188.900199830532
0.4961188374330403 0.9670114667039134 0.20811940309977217 29738.328597426414
0.7653774854224934 0.6712364099573802 0.16863786491012434 17303.365231812
0.5969646788498157 0.9912752470603735 0.18417204241086438 24253.94677788019
0.5389100618652893 0.7515435047783284 0.19195834213860508 25742.24671345949
0.8590919759324747 0.6418643928961087 0.16788506701414008 15263.700360000134
0.9384030070897231 0.513961381170126 0.17332500380689453 13656.305666565895
0.8981633332889906 0.49282506894898803 0.17421514649504388 14196.478054225445
0.725023482456765 0.8751083338963515 0.16851695243167342 19119.372390389442
0.5835257194612511 0.8887957984030281 0.18514691806558403 24316.5793081522
0.6079094799578932 0.8423639197523762 0.18056664989308047 23024.3753529191
0.5297894172834411 0.9861215855695624 0.19962089636101155 27706.2389036417
0.41437705160192967 0.5592569749747808 0.22338821628545702 32786.8426207602
0.6456558537649546 0.5984077522661507 0.17624203285959084 20439.27227473259
0.9304768689944402 0.4319358436355258 0.1813293989198428 13561.54897761345
0.7360136013591554 0.8622868082833548 0.16792037079358124 18758.443877220154
0.4291091298876543 0.4975097818890897 0.21741003460920183 30902.875975579023
0.6040992452007979 0.4381944148082228 0.1846673369545897 21095.1061681509
0.6828940731089109 0.8028957579067537 0.1716768203441461 20122.478083133698
0.9274706642764434 0.6695224864306857 0.1673345164163038 14214.406506299973
0.6196662907750585 0.4812831278193806 0.18161974830763938 20755.035358130932
0.4550034821603589 0.4384551535292426 0.2097620537624607 28446.01746699214
0.8808046991602807 0.9820986599311612 0.16269938118057325 15763.237042486668
0.823164505676123 0.6606461033182929 0.16774366628669668 15994.971450030804
0.9693635809599371 0.9206732375733164 0.16238797844926012 14181.268082499504
0.4239157762258694 0.46011620703536427 0.21919301667367108 30930.729930847883
0.49491629418291727 0.43700915247840333 0.2001558140727866 25982.329696774483
0.7644603598879534 0.7597083893694759 0.16734169163828483 17635.079341173172
0.40793457881039735 0.6995375753184225 0.23018336380300752 34829.79386216402
0.4520984376107512 0.9438991958086699 0.22083032527734758 32958.03512728214
0.4648573983394041 0.6427353498547309 0.20846526518289465 29546.35599899292
0.4855736507797641 0.7945206784748082 0.2061862975169788 29235.630718767643
0.7439478384804704 0.9373989728342706 0.16709049767814577 18801.08614498377
0.8800935830637306 0.5633349975481616 0.17028342408775643 14688.13923817873
0.7008094471695385 0.892512046173757 0.1701660534417897 19915.462522745132
0.9778217900656104 0.7566083296883785 0.1659706670398009 13661.088322222233
0.745581431130039 0.47622786430641534 0.17585886549204588 17065.209191143513
0.9149778783849813 0.8432569105660723 0.16322948891684064 14839.189116120338
0.8669141264748244 0.7817585593201994 0.1647223749605473 15502.839832544327
0.9672848866178863 0.8801067237022723 0.16276986070442945 14126.453630924225
0.43376774526297684 0.43785988310415297 0.21608980094788421 29950.958417654037
0.6212078872294781 0.9908854192534992 0.17974047733332554 23206.48552161455
0.6424796496880836 0.8305489437693576 0.17580003387956822 21627.510677039623
0.9435898136834845 0.8524842261865533 0.16299373755828128 14416.674300134182
0.6711570934180506 0.46770889694842344 0.1787772013412905 19028.508475363255
0.40333204838294834 0.9960317385704626 0.24446145769070426 38277.16279542446
0.9472548433142923 0.9152037307307769 0.1623891866656777 14498.246702253819
0.5222404556153567 0.8810607152050938 0.19820500228343008 27468.85154467821
0.8512815472836901 0.40274238108662247 0.1843864012753329 14681.498489320278
0.6564178773259923 0.783499294495955 0.1740961060677364 20919.46672654152
0.7109800878732884 0.9643710022533849 0.16899194650250138 19877.7457447052
0.40117252169708284 0.6745031301587171 0.23214645426014613 35243.68902885914
0.7988518516801142 0.4312710551040191 0.17944260034164472 15729.165473997593
0.5714988194273198 0.6284095306281998 0.18467871032589755 23449.811294913292
0.8418642603049759 0.5344800165769316 0.17156607968718163 15255.9353941679
0.5144830332573089 0.9238542288837897 0.20121155006199842 28217.846553981304
0.683230515025942 0.49498456770274224 0.17687294099778228 18792.974593877792
0.8386716064195006 0.5031071089500825 0.17329020259421668 15211.145710647106
0.9335840045935773 0.8389736813659696 0.16319417009071913 14537.517803609371
0.8802340281421823 0.7423624649102285 0.1653521105145046 15162.082062780857
0.9056572067988024 0.5401260358402231 0.17142042355590092 14218.542775511742
0.9853613118206324 0.823404138343088 0.16427291357467766 13722.491776049137
0.5744955157011757 0.776898063157329 0.18535907526347728 24137.633575737476
0.42339458715155315 0.41853255124247507 0.21973738786073227 30562.20562377572
0.8725582289786435 0.7522308298729349 0.16521198872942477 15322.285454392433
0.8366789953417988 0.6056318019176482 0.16901097146546817 15570.020510196686
0.9963257658768433 0.8265711074581779 0.1646500337665202 13563.621736466885
0.9134753837496805 0.9396896684272356 0.16256438690106734 15082.030546724796
0.7767152349872946 0.85550960426398 0.16611074686443317 17656.043151259422
0.8303752500692441 0.9466593256097757 0.1639423946107854 16679.72035384178
0.6390037319119853 0.6546787670276799 0.17611334071989404 20931.990122437477
0.992430883136676 0.7949426740272172 0.1653990071863518 13538.117353856564
0.8362186137706255 0.6412129088803894 0.16806610201092553 15682.786634266376
0.8629286369403159 0.8500455333702895 0.16389208227701602 15758.635287702084
0.5981891545491597 0.8611819301200017 0.18228994558558043 23526.232048392296
0.8257563031707877 0.9068334732219927 0.1643209808935353 16666.418453514576
0.8664874336377537 0.6473770250234125 0.16770909685146762 15148.618786215782
0.6903507624894996 0.6816851261755607 0.1717502225892531 19378.397486925125
0.8152149401554101 0.44724646949856656 0.17782080061078887 15459.39498102665
0.46274789448510956 0.6990860239908885 0.21059849299490452 30151.159052073956
0.8204319995459775 0.6438642671729867 0.16817103371795383 15999.566175699234
0.5882070492309924 0.4280615649312454 0.186547494473416 21636.464459896088
0.6421802688729574 0.9742710572704026 0.17637951659162354 22287.80119794607
0.7194991997838036 0.9148012102205346 0.16872232820787758 19427.893506228924
0.7103241774707276 0.726630612649217 0.17009956283072825 18970.51894569397
0.7948601747023423 0.9786831230560923 0.16447230865378515 17607.119863510132
0.8090010724484151 0.5719772334477357 0.17032788933283882 16006.153870880604
0.8578065589973405 0.4062501527200171 0.18394626517874713 14581.83252108097
0.857419155001488 0.6524393374936008 0.16762427758294507 15322.561928153038
0.702036368670024 0.6077512221949907 0.17231061271741055 18731.1593824625
0.8259768090145744 0.7645648180302766 0.16567619992929394 16247.82333278656
0.7465191936852437 0.9791949888077268 0.16646989809305524 18885.25451594591
0.7210484008175537 0.47803028266925623 0.1763140656039468 17684.886730849743
0.9764068158471655 0.8188673167646923 0.164096797878301 13845.6704788208
0.46378388042504226 0.9321264143267899 0.2163670383670251 31886.84166455269
0.4443162430206964 0.4377064154550086 0.2128361524300999 29179.862450003624
0.7593652213532183 0.8670053153968638 0.16674875313037774 18139.27389371395
0.7041398988891282 0.503211155283263 0.17558687717973953 18238.609274327755
0.5899982652948068 0.7092412518785245 0.18210599167287 23091.38350814581
0.43465440456805887 0.7805742613980634 0.22221648630147683 33095.803559958935
0.4494747186790496 0.8419696160263855 0.2184133583214134 32335.39634490013
0.6680607666019752 0.9488223966838075 0.17312154226419807 21225.570575475693
0.6397306379352286 0.7174492611706688 0.1757680320260988 21201.26769042015
0.7385519331238695 0.4937689336869356 0.17497576426285377 17304.72922694683
0.9702101798448294 0.8989721818489562 0.1625878235026903 14124.197951853275
0.7566729050065515 0.8999703709099309 0.16670357662951574 18322.2719116807
0.6697323818641172 0.5887617157928678 0.17461661185370758 19614.568839788437
0.5622550826050668 0.6040481104032023 0.18618130963477597 23722.74379390478
0.6139722226340043 0.8649900263474759 0.17984614579108893 22885.720946073532
0.9962483726932286 0.41937530837291437 0.1850710467006138 12622.126244962215
0.5530733459109836 0.7431169204103867 0.18890229397402436 24968.383657872677
0.5137633965749878 0.40516240870183645 0.1971519906383037 24774.103719383478
0.8888342092306862 0.40531051242433064 0.18488013603746367 14095.514924168587
0.8635609165098198 0.7211928569616697 0.165959605583339 15399.28744328022
0.9216271974789451 0.7739034332407945 0.1644762501855439 14564.24113458395
0.9135553774837767 0.7523629573602197 0.1649851312249666 14637.5523635149
0.48577794205344327 0.7070269933854249 0.20404292706371052 28595.281065523624
0.9475910887171989 0.6497458270679686 0.16831993602318107 13857.217472970486
0.46197855564289736 0.9678868755650651 0.21902186814804736 32335.080002248287
0.838337565573126 0.7430581857988301 0.16582955108970054 15935.271013736725
0.5592338368891142 0.8354363941889164 0.18909718955910648 25188.933449089527
0.5299833583763995 0.9483104843127944 0.1979761283037078 27437.09932309389
0.5255532383709607 0.8600306317573857 0.19698660524045408 27143.147458434105
0.7903968427924517 0.9927790301132813 0.16435698256464093 17770.892114639282
0.9063528228860436 0.7189208234798932 0.16582093024408096 14668.332826256752
0.7984842386225519 0.7882151756034887 0.1659813103506167 16917.969204485416
0.8139055043234602 0.5922023980676339 0.16962572599732084 15971.92281371355
0.6639223909038443 0.9817148048900296 0.17351769393644645 21520.85368311405
0.5483858003053779 0.7160172158546512 0.1894254257040302 25043.117249011993
0.4733568424793656 0.7586890378748152 0.20893030506340438 29833.766395568848
0.9015242689771432 0.5929851218912014 0.16932673058181535 14426.190358996391
0.7603601322127653 0.6156811086704141 0.16996169819685747 17230.616077899933
0.5439265478498455 0.537215845283227 0.18964328340916836 24159.53781968355
0.4819602181549335 0.9758807593862522 0.2130426375188108 30831.889595389366
0.9303946493308305 0.7178713305648536 0.16599265006152564 14288.408152282238
0.5123513005759448 0.5744357724725335 0.19544032322664862 26032.41889667511
0.4900570875973831 0.5361288782384468 0.200361273406088 27032.699908077717
0.8992525879566851 0.9878999864504846 0.1623883350403048 15444.013683319092
0.7087771367123475 0.5725778749395241 0.1728788051786978 18398.858223497868
0.9946963293196834 0.8140032797090475 0.16492959527749917 13554.959062874317
0.9712959647161881 0.773332657918687 0.16520780454811756 13805.208565354347
0.6590438619229106 0.6888170450399562 0.17402150829002494 20403.567886650562
0.7507347932101072 0.65649384964406 0.1693491258265567 17612.234596073627
0.8058960220947515 0.6480307707447626 0.16827397876841133 16311.45258373022
0.8367463604780836 0.7295959826632628 0.16610746533842757 15927.574334979057
0.7940840380370924 0.8615980422765195 0.16547970831743442 17252.963859796524
0.6971790709885353 0.5182673544039502 0.17523661353698117 18495.41039544344
0.9935035150458623 0.4303465970435681 0.18324787185702007 12671.879181146622
0.9052711454539841 0.48348434036572363 0.1750386333096685 14061.781063377857
0.4715353325137033 0.9124198341802734 0.21314933137546177 31120.302099108696
0.5048725053332931 0.8573744834619539 0.2021798184778163 28387.383629500866
0.5413768801488298 0.4510734233841482 0.19160094599465083 23721.750870406628
0.9514803239543705 0.5918306197822905 0.17022159336920595 13656.660727143288
0.7412641494404246 0.5496797533382168 0.17243424794105522 17455.389029800892
0.7847910927465851 0.5423750214723448 0.17175946691531863 16414.226370871067
0.5114754643345185 0.8410911737827491 0.20013292053408804 27865.93397694826
0.5756993231920136 0.9146247741074734 0.186975342752703 24817.95526856184
0.8108204928508831 0.7410269848756545 0.16635381742889876 16495.49451005459
0.5341811344890032 0.4293944922093523 0.1932282951693196 23923.651013195515
0.6175494493615259 0.6180960168862784 0.17867712395491253 21529.757892489433
0.424591422807106 0.9996859254270374 0.23612600008709705 36060.18568021059
0.7404811911034034 0.6979571965734199 0.16900963922671508 18026.930049955845
0.630126593850822 0.9340996590047893 0.17793720693043724 22563.691281676292
0.9048491311322485 0.5125999918492867 0.17291396241307666 14152.59588009119
0.726015770083956 0.8308431250169652 0.16859880947231431 18926.306664526463
0.8852866801035046 0.7574933588774707 0.16498577086167643 15115.05490231514
0.5282851018952995 0.8474495248742753 0.1961000188057369 26908.25507235527
0.6201570310573197 0.6552361773114965 0.17809033304729383 21616.948609530926
0.6612558275791418 0.7355440813810077 0.1736265719118819 20539.19104140997
0.8339749117429036 0.4871403745804627 0.17437917241659306 15242.945283472538
0.5630493869497217 0.5384987299518424 0.1866452343256242 23293.896258294582
0.983124446910984 0.7658482221887404 0.16589616758210468 13603.63909560442
0.7456391964573106 0.5307598164650393 0.17304133902143803 17274.734393894672
0.7678825480163203 0.6462796372634934 0.16907186840398936 17157.308431863785
0.7318456871959483 0.740334647345936 0.16886258210797678 18417.98468518257
0.8306871472766804 0.6280642040789838 0.1684524814845645 15750.498731195927
0.8472004373609605 0.7319574796897431 0.16591679605699028 15731.979582190514
0.5557448909553313 0.5928713757329374 0.18727572537864035 23954.497841537
0.4274370838254545 0.5490083555400611 0.21848196933387953 31566.84288880229
0.7719700764211812 0.8107553672819724 0.16658814292168245 17624.725925207138
0.7925092167698418 0.5889029516183955 0.1700192403550318 16406.790485441685
0.6326157988070851 0.6342113245695898 0.17693302308725833 21060.541792094707
0.5139009692107256 0.9137805071874162 0.20108279779924487 28187.666470825672
0.7065264875013569 0.9274062486922179 0.16960067009858903 19870.777950286865
0.773739297689171 0.9547279239875228 0.165536399170378 18056.683846354485
0.9551745556021431 0.5336515601547164 0.172652025372372 13456.635791540146
0.6256267959483391 0.9011346271833445 0.1783992297750956 22588.636119365692
0.5450129704444773 0.6427596897618375 0.18925555229543534 24771.80814164877
0.6139004014627318 0.9651939769802467 0.1806952710467158 23373.67045623064
0.965968336459705 0.9368708790804489 0.1622554292953282 14263.387240290642
0.7200800451944684 0.8972735850513368 0.16875777006498538 19346.02826231718
0.9716951476960219 0.423381638967177 0.1836586762456136 12976.952827215195
0.5135196812253153 0.5563787584110114 0.19518072794744512 25839.089246451855
0.9485992720154638 0.5729844182470599 0.17079206864946173 13654.247969448566
0.6008057621608771 0.877397572048387 0.18202134085004218 23494.441529870033
0.4993771917395361 0.40952593427128287 0.1997376705712668 25551.215705692768
0.47559252284553444 0.8202405329602367 0.20966891146053968 30127.356021523476
0.9333664982814055 0.6065820008123135 0.16929795168107376 13969.412366509438
0.6291777411636326 0.7907908874730081 0.17721035387694428 21936.571031451225
0.4570918796037012 0.5116939204745389 0.208830683504857 28960.489964425564
0.9514394142637799 0.7275520624071734 0.16606000988394953 13990.33108139038
0.6928640248486027 0.962281015132004 0.1705438875778782 20445.48552161455
0.5229282060075403 0.5283715923609722 0.1934515897573874 25140.14267796278
0.8029104724412406 0.9280025324669913 0.16479565979898325 17246.99597966671
0.5818955882683262 0.5693584525626234 0.18358162010554224 22670.459403514862
0.7680040053500632 0.5486883922659833 0.17181386790070974 16811.85987651348
0.8816460471324093 0.8403080793928068 0.16367090270796325 15392.057690441608
0.5641567266371994 0.8759350304021116 0.1887003402425762 25168.965126156807
0.8329674056599261 0.5800990305508363 0.1698239114248281 15562.928748369217
0.4661003970728538 0.898056328420757 0.2143935758886073 31431.63273358345
0.7651863786752093 0.6918776850833357 0.16827440032284358 17379.575686514378
0.6160837005976703 0.7217526596627208 0.17853228175226832 22100.63260781765
0.6565613410289004 0.4775510899102477 0.17910053152081673 19517.550783753395
0.6049375785200242 0.6289286231157665 0.1800446462984837 22065.25670582056
0.6747218247830814 0.7328283573674694 0.17248214924438798 20084.43182694912
0.520634579198416 0.7753296019139634 0.1965646840926638 26898.210013389587
0.5632428084379458 0.9370744396031437 0.1899159424156096 25553.562217116356
0.5292737820122267 0.7973225211964861 0.19495071983146772 26544.6667085886
0.9072594511813269 0.5767277034173869 0.16992822239990346 14293.625433981419
0.5563187068734312 0.40300436420550007 0.19094448242867657 22796.144964694977
0.5191741001983348 0.668579250039512 0.19487402462073078 26294.22971099615
0.44927146017144437 0.7216202028824927 0.21558260642450477 31371.096751630306
0.8043637762276215 0.4878195463791793 0.17441853842865385 15812.024387955666
0.7343526586064557 0.4037400074884808 0.18219334651439567 17083.402944087982
0.4824009546038055 0.6580425980077047 0.2038139410869917 28458.2542373538
0.7194939279630554 0.6999563477977189 0.16989972083501925 18603.86688530445
0.5628078380092366 0.5722803086546921 0.1862811001483351 23508.8816639781
0.8060181917127669 0.4604951118159999 0.17653344310565444 15683.524829566479
0.46445420100922974 0.5501543218587674 0.20697822833062673 28795.293877840042
0.8042490323993341 0.694851058753764 0.16731069845263846 16492.77347290516
0.5425199748530598 0.9845298860761185 0.19620935154853214 26955.37636500597
0.9180962892899832 0.7856874739169459 0.16421318495849846 14649.105194091797
0.43950939335817507 0.9981707949010112 0.2300488913351728 34596.35367435217
0.4017253087992683 0.5968697178632143 0.22932436141127255 34360.25768789649
0.4982137409128275 0.468058886419305 0.19901006087275164 26027.56649452448
0.9602461408093399 0.7609767177117359 0.16526503087879973 13941.135497272015
0.6638617956998825 0.7014163745545624 0.17353169830494153 20300.178749203682
0.5271379439293231 0.9636115368821676 0.19927488930989057 27707.98170298338
0.6877717389371334 0.5462502802192851 0.174689121733536 18884.704884171486
0.6787990339225591 0.7015644195874182 0.17235237520617375 19819.37525266409
0.5826327788592119 0.9696117387472297 0.18656488309898123 24790.08343076706
0.533981874504518 0.8885225082436953 0.19551330568538106 26834.21898686886
0.5147699533911984 0.9724254505259948 0.2030275647794042 28535.336689412594
0.9493435584924663 0.6038587874090333 0.16976869529025862 13718.775622069836
0.5229099965875383 0.9948385499368412 0.20202275165502215 28189.572942376137
0.4651660544713794 0.8697321847346501 0.213946348083482 31285.70245528221
0.7298079743371919 0.6162807634277867 0.17090903583812178 18002.635048747063
0.7609747853720739 0.9676707385407864 0.16591592044642312 18441.343894839287
0.7917381447193355 0.7270602531263983 0.1670001227503235 16873.032177865505
0.7823193990886681 0.74932067543766 0.16691268564682105 17165.058870732784
0.9375900580244919 0.7959556049631831 0.16402075226869783 14372.287714600563
0.73885798129509 0.7751220774060565 0.16822977751871804 18358.52586209774
0.789298213842045 0.9623149297742627 0.16488361676601926 17687.281433939934
0.8926303639033429 0.46566403533732315 0.17654784850674332 14200.177049160004
0.8354624518448246 0.443324648763779 0.17839151204680093 15071.378259301186
0.7793932003516644 0.48395877304443763 0.17487455218179093 16320.095782101154
0.7253363672348672 0.5524382987585452 0.1728496430823725 17872.7770088315
0.4584185705864596 0.7424600363167455 0.21315807060273073 30821.53929054737
0.7968074664475151 0.40706700867372636 0.18248199226036377 15697.877762436867
0.7691705817571544 0.7190421120018097 0.16772391503764084 17376.82266420126
0.7245980672255442 0.4509506241412808 0.17799434965490946 17487.784320890903
0.6209014258408526 0.7980238970565476 0.17833458769018762 22288.39689809084
0.4361559541439315 0.5848929266455982 0.21618956513884768 31213.39110660553
0.7581933323691612 0.7776685468002966 0.1673868023790419 17857.594887197018
0.4950991873204054 0.8349483505025714 0.20436698779485596 28873.81406068802
0.4707276633499091 0.8494821189469003 0.211766970480312 30704.906030654907
0.6649173284296217 0.5593123954757363 0.17566348749460303 19633.105119407177
0.5865510944163217 0.935114670349899 0.18519099894183455 24418.397083699703
0.8862210774446688 0.9204439798619545 0.16303936150870868 15505.799417078495
0.42096486148927786 0.8838261521839905 0.22945882054045796 35285.666897535324
0.6622464871170913 0.9350027361859478 0.1737937261314073 21370.701384603977
0.9981175327943024 0.7695481653126668 0.1665688511238841 13377.101557433605
0.9279103777231472 0.5846249461391057 0.16991692197916564 13997.50355964899
0.6576030854387082 0.627159491373168 0.17479351260590192 20174.14831519127
0.577957518329991 0.6996191175223455 0.1839241422349005 23560.03624933958
0.8066799205948008 0.7676071921631586 0.1660394174286921 16668.857189893723
0.4758497898363369 0.5702088224839454 0.2040828749886714 28200.897796094418
0.6512799153753754 0.7299451211357189 0.17457826668396592 20853.572241544724
0.926893770666785 0.5688256536462466 0.17046989373557153 13972.434103310108
0.48540390689013174 0.8766553621136501 0.20800224857157446 29831.04708111286
0.5811727262388606 0.6040632327662253 0.18333891419570136 22895.585950016975
0.9941191210121219 0.44646092434861934 0.18108550509168708 12681.410000503063
0.8211336983977808 0.5499117348274964 0.17102046812215121 15693.495855510235
0.6782057285399975 0.5145940115067427 0.17631383339357853 19026.95194119215
0.48390042558568697 0.46092770051019205 0.2022341594001773 26798.726093947887
0.5077965920563648 0.449024398268712 0.1973766002956836 25366.61391568184
0.8793643720793662 0.44201025881959805 0.1790609989402583 14334.86000263691
0.8549590677191499 0.8584163381248603 0.16397468200011645 15933.18602269888
0.5460476254635841 0.8164579274674855 0.19154434803203912 25752.526070177555
0.7252029304011669 0.5221387983509134 0.17399973453029816 17755.242520213127
0.7835596132216756 0.7916008315761531 0.16637369786258205 17277.300202727318
0.8446532620987655 0.401219621165388 0.18447809929421055 14790.189524054527
0.8769589019131495 0.8515321299173876 0.1636308814122458 15503.977390885353
0.8618563572462283 0.5736518260269299 0.16990296784388192 15023.462080299854
0.698611193798096 0.8010134396571951 0.170462345242413 19621.54747712612
0.819110001187302 0.9836904366725661 0.16374729392191512 17049.156024575233
0.9671774057871374 0.5806548920207335 0.17115700113936327 13386.751975953579
0.4146159193404627 0.6830661934968699 0.226968779688832 34029.1859511137
0.9728119509519276 0.800461871775622 0.1644736124544579 13852.633832216263
0.6864944766464474 0.4208307421525587 0.18114887900264875 18395.996898949146
0.46026873207736707 0.6115383979406882 0.20912173435499426 29617.655205488205
0.6367272345276915 0.6910903340991179 0.17613491033807804 21184.347723424435
0.8854231401878667 0.5779434677590628 0.16975768443444395 14642.500049173832
0.8443145961131104 0.969959847022687 0.16342586612154264 16451.146037995815
0.7886562491256162 0.738031888308156 0.16690497054514708 16979.61180996895
0.4357314165405568 0.6796454987840868 0.21898179437266663 32122.052173495293
0.47436039092205984 0.4634288397861363 0.20447089254957973 27400.437457621098
0.9447454362971986 0.8901247073891906 0.1625722449098248 14483.166898071766
0.9975068070120565 0.7792136559569731 0.16619561405605054 13414.289079785347
0.7065063780889733 0.5425755937334383 0.1739220870367717 18338.279672443867
0.5354254545542797 0.6629231015099788 0.19131898103660205 25382.1194511652
0.4243535765153479 0.9735426337735262 0.23312558908219216 35809.164213359356
0.461065158254121 0.44805583893362605 0.20801803476751957 28123.783835858107
0.6160878523853965 0.5252882627301313 0.1805541239955346 21109.034178614616
0.844669399207527 0.6910974103999714 0.16681125181276002 15664.626589596272
0.7876618213647115 0.5707988742320806 0.17066812192933867 16450.62934911251
0.8060401397845705 0.7156014333166458 0.16688805627563852 16519.158504486084
0.645735043111032 0.8107486023054664 0.1753298559178802 21419.4209587574
0.4632578369913377 0.7967759746250888 0.21295153922437748 30873.17719578743
0.7708334122771183 0.7956399653292046 0.16675627911172342 17601.251548826694
0.8544291591105995 0.4413767010695092 0.17881885405586218 14736.220668673515
0.4435211526089062 0.9840955253458554 0.22694292425512685 34085.326915323734
0.7333822898284019 0.6841999714798395 0.1694959535743692 18163.728275954723
0.864008453904614 0.6934119822483338 0.16658777489647036 15316.129097163677
0.8545701965268425 0.8042093673287214 0.16456732785809436 15793.92634433508
0.6346635464875582 0.47120690378150765 0.1808288448737585 20193.37601095438
0.6302030991790258 0.4987157767145457 0.18011814231431345 20478.444253087044
0.7846487060402159 0.6550580283288412 0.16850071709268377 16798.095182418823
0.9435921898527367 0.418992102666994 0.18369610808258585 13354.828085899353
0.4887188262341242 0.9375504742420862 0.20888880243910535 30037.49831342697
0.7320252935538643 0.5414626290164899 0.1730148616079532 17656.57889854908
0.41238606455385596 0.537785525436695 0.2237455489430431 32729.38018873334
0.6277609133514216 0.5635728737223494 0.1785188830090192 20887.802234113216
0.8958195458328678 0.6007718210776782 0.1690438174882729 14537.046530485153
0.5718116924598016 0.7225490421029608 0.18516747807916545 23961.791533708572
0.9476657198004337 0.968795271973936 0.1620827401166025 14602.662086069584
0.5880103698077683 0.8138852598190273 0.18346989525707613 23727.741754353046
0.663901717830522 0.6417142527293344 0.17409624904939847 20034.11221420765
0.904128480181806 0.43095792531585864 0.18096632219385356 13932.676772475243
0.9329734451840064 0.9255911401999001 0.16241876600543037 14738.714777112007
0.44187522110918764 0.9502044394599588 0.22476098699371505 33916.16153764725
0.8500779190615828 0.8341587361395524 0.16429200112179387 15962.997695088387
0.4315562027817794 0.7408132741217777 0.22231854923302308 33022.79053837061
0.8195365332103098 0.8696638034775672 0.1646999186850735 16696.326508402824
0.85515084810309 0.6100892972376072 0.16876810009489418 15245.284189939499
0.8944997463787991 0.9473408650025092 0.1627862202876713 15423.386910259724
0.8697362067382659 0.6087414735487856 0.16876160869651358 14987.74860906601
0.8226428427717523 0.4092580599352203 0.18266532312736672 15203.417639434338
0.6971147086802729 0.6514785412293587 0.17175133216187533 19051.915312469006
0.415887333450513 0.47846081680864216 0.22197941408740007 31779.406302332878
0.7718835787933322 0.4080015167834928 0.18197720226453384 16225.293083071709
0.5870637868039041 0.550171554257009 0.18320522846079257 22350.809502482414
0.9967253653159884 0.750107683494597 0.16717412934303866 13344.477787911892
0.6635704104381335 0.8116928382090385 0.17343960349535337 20799.256856024265
0.9235484698872997 0.42369706434150967 0.18246796229868778 13639.593887269497
0.9997743393773063 0.6494352064477829 0.1708975029141584 13019.116635680199
0.999008427441332 0.9248630941411204 0.16284413608445902 13755.346549928188
0.7110259124565688 0.4608300411798912 0.17764441183135204 17878.730715692043
0.6195283006760279 0.5810911512067465 0.17898318976222072 21270.80556321144
0.9420833913125788 0.6764734703642109 0.16738942761730868 14006.877675831318
0.6641929107252971 0.46054474922747174 0.17950073826250446 19206.566781699657
0.8435468090181728 0.421727301668928 0.18123700464821013 14863.62241178751
0.4214627042172119 0.9493547219411955 0.23220753297573538 35856.81699359417
0.5390996133487365 0.4595010720492687 0.1917530683804216 23880.150497436523
0.5108016501159484 0.6520527554301757 0.19652706461238267 26659.700561523438
0.4270057318692758 0.9053954299285404 0.22790482164054993 34896.498809576035
0.5139330519991547 0.8910716937967929 0.2005211200175836 28037.3371219635
0.9762178452769539 0.513119125237806 0.1745230180749786 13085.712768733501
0.9833067131227698 0.8745852774259256 0.16313080865802476 13878.43033850193
0.6631244952964722 0.9110564086817252 0.17369089751264255 21238.296983599663
0.8646153872284366 0.5254894193844171 0.1719762821085169 14831.68049544096
0.9802059992149832 0.9571895124071151 0.16217832563779666 14093.555512487888
0.9171891792077683 0.5828572250191705 0.16981934284194722 14156.637999475002
0.706177409189887 0.9056977615597444 0.1697155487636337 19798.863169133663
0.4451268170608709 0.9188381976576289 0.222008921798988 33348.07325273752
0.7123795494419284 0.5595201952273899 0.17311530082224635 18246.968862473965
0.4609848696593034 0.4113029320354958 0.20848897793439392 27830.724414795637
0.713031750093772 0.8703319991391258 0.1693132023792714 19456.173998594284
0.8178230364187156 0.7126974438925375 0.16672850606119027 16260.293135046959
0.4193493464000869 0.6126944550080675 0.22287920853887044 32902.95412528515
0.4193720721337237 0.5191160858746245 0.22093240736467123 31925.25212955475
0.5538237756668494 0.5142218854498871 0.18840455242570897 23554.240469038486
0.6001082808244294 0.901836340121681 0.182377421120691 23644.856896460056
0.5049615318453283 0.4958489786124326 0.19728821121134388 25862.522082149982
0.7360775009864116 0.9943030678490818 0.16682846064031764 19248.40997850895
0.6933727524969062 0.9200817000349025 0.17070887071531615 20258.52453327179
0.9794877413731395 0.8588443448306435 0.16330990041024052 13898.164949715137
0.8627121563065179 0.7387262299440525 0.1655939296251745 15462.329905331135
0.56933139040011 0.9137135694773227 0.1882282088372449 25120.616124153137
0.7514444217359697 0.8281632700893267 0.16730256891969475 18214.158507943153
0.4551710682746039 0.4645151048225221 0.20948560577380704 28663.90209814906
0.6812579731648292 0.9229957552037035 0.17180925916727574 20667.206579208374
0.6346945456775173 0.7614970157829046 0.17639961623171985 21591.80305570364
0.5665646048439822 0.46543161989818116 0.18773416695148626 22702.187292039394
0.6847140297815607 0.4700094923551086 0.178032682311823 18642.174243748188
0.7239507621716372 0.64419759452386 0.17056252232578117 18265.673765599728
0.42318905482667957 0.5946411383685429 0.22096028796113387 32386.490627467632
0.8220812251875355 0.5746258560795472 0.17009940980642568 15754.493040680885
0.6454589293112315 0.6471059875015717 0.17557658219448058 20672.67501050234
0.9147150210558928 0.4599990333395848 0.17743413632706506 13856.189395070076
0.9861975114024752 0.8892790901553074 0.16297728300924064 13868.914760231972
0.5391343633692155 0.5516433074485875 0.1903237538826943 24484.34117460251
0.4758217533619903 0.9554815774997835 0.21369884813066164 31130.187583386898
0.4883636533792015 0.6328860630433158 0.201715284749298 27883.123952269554
0.9891609184065615 0.7760484698824459 0.16584647326817503 13537.279230117798
0.7782721174769354 0.8293796856823524 0.1662233813367493 17531.321587741375
0.9474132926755838 0.9498571727401395 0.1622043906863837 14566.935344338417
0.6758741995792661 0.4825945956086088 0.1778064929330867 18953.92060792446
0.5387178176164418 0.9702579038950653 0.1965691741406772 27074.99431037903
0.7467059517236454 0.9545106503741836 0.16678031208357424 18785.577266156673
0.44830305109462487 0.6402350125905305 0.2135518665163545 30759.382011055946
0.432372778814593 0.7267385183679047 0.22162071885031764 32827.107187747955
0.79117497130044 0.7784449249545858 0.16629486815509154 17054.398626446724
0.8267137075070315 0.6994886361314889 0.16685284768391284 16038.92819482088
0.4118940977609772 0.9257355241713002 0.23446083469389123 36604.52159655094
0.9483699220432319 0.7657660189764312 0.16489084516797448 14133.243156254292
0.6825279900717982 0.8529404450158103 0.17172211432080076 20342.329775869846
0.550508223375976 0.6680221396114452 0.18843486388141173 24653.969370245934
0.5757042027330969 0.5542013024542332 0.18462630294561677 22842.393288850784
0.694973258696421 0.8755493388229396 0.17065958703460637 20033.212737619877
0.7816928311057232 0.894711072283904 0.16570695280097425 17658.16918051243
0.9328042125021121 0.757036814526069 0.16494375639376813 14348.859972119331
0.9795367755838054 0.7297059760142028 0.16694138473758358 13562.883307993412
0.7837579015971088 0.42848006355004603 0.17965177413680067 16032.186612308025
0.5236363408094842 0.9436129497500962 0.19944290948660637 27785.046075820923
0.6119667894996044 0.9918488420649315 0.18136420888913563 23599.424304902554
0.6427984760824711 0.8799494492765559 0.17599493279340095 21836.93336236477
0.6781209766185734 0.5358971016525754 0.17555398708464054 19124.128641605377
0.5781664579216501 0.587467192496945 0.18389248051789764 22929.3394908309
0.6887015863885667 0.8161899153361452 0.17119647511208314 19992.745623648167
0.49253132001299926 0.553317399612677 0.1998100270429859 27018.829885065556
0.48863250600466646 0.8979601247391807 0.20760217470706266 29755.465958297253
0.8153544821480764 0.8949243751964744 0.16465746892572497 16862.335816144943
0.5898092171254246 0.8351843813598245 0.18341088276974915 23758.815995633602
0.9032375012188351 0.6156015428679085 0.16863601107979775 14457.913922071457
0.43346463176962746 0.82933354520476 0.2236899646850361 33622.136084377766
0.5393942198381736 0.833117981743881 0.1932839445034915 26204.205165326595
0.5171869385258222 0.9965912786162268 0.2037763395892398 28562.76832818985
0.6298752904485642 0.7069678193012499 0.1768514186514949 21508.47484922409
0.9604279551328264 0.7887542548330635 0.16448465422581648 14009.169944941998
0.7616723026582646 0.8349137886960807 0.16682068973386777 17969.21991366148
0.7514136129227029 0.8505481731799209 0.16718928328918992 18293.90072774887
0.6535861581996939 0.5553967722547527 0.17656538789378828 19975.994348227978
0.5859385107546605 0.7769289690047365 0.1833874884978286 23624.701071679592
0.5032631054547464 0.9346978817047646 0.20460351272959088 29015.686944544315
0.845415018830735 0.7120184206713809 0.16634869035624433 15709.581332325935
0.760514879581246 0.4256625522438723 0.17987117435404798 16533.4157422781
0.86992080916139 0.4204258499025745 0.1819142753174674 14422.912097394466
0.6568588388725864 0.4322276057709953 0.18146370849353843 19310.405423760414
0.7158862908578728 0.50880136913046 0.17489719429977413 17945.243821263313
0.5995151758928972 0.45661413933401307 0.18435664881326375 21355.088184952736
0.9609911661314882 0.8342924804195639 0.16342864967737114 14113.62260812521
0.8924364916475833 0.4878859643733839 0.17454928933329938 14269.464339017868
0.9622644803429631 0.9631079591932282 0.16207146432861919 14370.168869435787
0.7542801288830214 0.7169561705481755 0.16823288140949444 17739.59744411707
0.9479368208193225 0.45870452298746345 0.17820374639995862 13378.224961280823
0.6502042677805006 0.7449781915563961 0.17467858646159584 20959.819350719452
0.9618828349887878 0.6169375385443918 0.16977718988709967 13556.960478127003
0.40823715778352543 0.9547198451989579 0.23777712451556 37286.30518615246
0.9763470653597787 0.40437594415659317 0.1872333100745891 12892.676053583622
0.7329821070114991 0.8432267589498091 0.16815854137166752 18774.447226524353
0.4025374252496417 0.505027189053211 0.2271510482296435 33241.23545295
0.6728298702811195 0.4294170752433248 0.1809659321224899 18820.235534489155
0.4437291796415329 0.8805843649837868 0.22124251479726809 33145.72753942013
0.5957301435096614 0.6791863836684819 0.18113922556767648 22694.51897275448
0.7414818021616145 0.4402565088637725 0.17858363866798754 17029.743456721306
0.7662639539091833 0.9763924457728339 0.16555369378693285 18331.988704383373
0.4 0.4 0.2287517308614042 32309.779719024897
0.4 0.4545454545454546 0.2280934462487494 32889.463058680296
0.4 0.5090909090909091 0.22820189354206377 33520.68140253425
0.4 0.5636363636363637 0.22913250994497503 34152.1922493279
0.4 0.6181818181818182 0.2307095522282907 34760.96806564927
0.4 0.6727272727272727 0.2325796213826834 35342.586535036564
0.4 0.7272727272727273 0.2343321015341644 35902.1602320075
0.4 0.7818181818181817 0.23567461793209077 36447.73412871361
0.4 0.8363636363636364 0.23664010533138935 36987.390820622444
0.4 0.8909090909090909 0.2377933077295893 37530.41211998463
0.4 0.9454545454545454 0.24040019526910328 38091.91677480936
0.4 1.0 0.2465249113356549 38699.59729349613
0.4 0.4 0.2287517308614042 32309.779719024897
0.4545454545454546 0.4 0.2103802603087388 28167.124456435442
0.5090909090909091 0.4 0.19809562841328443 24982.545334637165
0.5636363636363637 0.4 0.19019328855574713 22476.953644812107
0.6181818181818182 0.4 0.1854933007271029 20436.686271309853
0.6727272727272727 0.4 0.1831712744642573 18719.61901116371
0.7272727272727273 0.4 0.1825942251871311 17247.853495061398
0.7818181818181817 0.4 0.1832030972927896 15989.21988171339
0.8363636363636364 0.4 0.18447003564688202 14931.408500611782
0.8909090909090909 0.4 0.1859399744153052 14053.5224660635
0.9454545454545454 0.4 0.18734626648983976 13300.09605306387
1.0 0.4 0.18877252190941363 12562.126298606396
1.0 0.4 0.18877252190941363 12562.126298606396
1.0 0.4545454545454546 0.180391111631252 12600.383932709694
1.0 0.5090909090909091 0.17596530564878776 12692.874017179012
1.0 0.5636363636363637 0.17356993155772216 12808.656088113785
1.0 0.6181818181818182 0.1718736132424965 12936.811482429504
1.0 0.6727272727272727 0.1701565541261516 13076.078099489212
1.0 0.7272727272727273 0.1682274005652289 13226.048960626125
1.0 0.7818181818181817 0.16625770867540268 13381.8067933321
1.0 0.8363636363636364 0.16456391744941357 13533.07966208458
1.0 0.8909090909090909 0.16337364507853636 13668.032532930374
1.0 0.9454545454545454 0.16261462479815236 13780.829562723637
1.0 1.0 0.16176052372247796 13881.285643398762
0.4 1.0 0.2465249113356549 38699.59729349613
0.4545454545454546 1.0 0.22463143547793152 33260.917840480804
0.5090909090909091 1.0 0.20641934998820943 29116.199226617813
0.5636363636363637 1.0 0.19168070077830635 25919.1369779706
0.6181818181818182 1.0 0.18037636527151335 23383.726206362247
0.6727272727272727 1.0 0.17237938413927623 21299.915317237377
0.7272727272727273 1.0 0.16730891335828346 19534.398966491222
0.7818181818181817 1.0 0.16449549062963342 18017.856221079826
0.8363636363636364 1.0 0.16309147380161448 16721.842516303062
0.8909090909090909 1.0 0.16231078577402513 15629.927333831787
0.9454545454545454 1.0 0.1617547346795618 14708.342261254787
1.0 1.0 0.16176052372247796 13881.285643398762